ISO-Curve Signature 0: 
0 77.3071 152.397 224.985 304.368 404.37 477.746 497.112 532.748 496.664 444.09 432.684 390.301 316.608 260.559 333.67 158.776 61.0383 26.7394 44.9285 
ISO-Curve Signature 1: 
0 44.9909 29.2632 28.0692 39.2546 52.9356 80.9626 152.013 247.586 324.805 377.416 501.165 534.336 326.367 334.056 371.199 253.867 75.099 69.8792 63.2111 
ISO-Curve Signature 2: 
0 43.1063 35.6155 131.815 122.712 224.229 173.169 212.549 249.361 342.922 357.493 317.746 316.701 333.014 310.949 292.189 145.69 76.0842 62.162 80.2862 
ISO-Curve Signature 3: 
0 44.0664 35.105 27.9073 40.5849 48.6002 65.9878 122.075 225.248 348.132 382.788 409.135 479.041 501.177 562.214 637.49 293.777 104.917 80.1692 102.253 
ISO-Curve Signature 4: 
0 45.936 30.2999 26.2741 40.3856 57.7679 73.2786 138.564 249.849 391.223 389.15 385.617 308.876 376.134 343.951 263.198 201.283 202.618 221.813 46.5418 
bilateral histogram 0: 
0 0 0 16.5533 42.6178 61.2492 87.2305 40.8035 61.7238 77.5745 84.6717 19.2188 81.9928 37.0112 92.2199 57.7792 100.468 191.369 67.3229 37.1607 
bilateral histogram 1: 
173.266 889.268 608.963 681.451 1042.55 824.364 894.866 1291.09 1132.26 1432.41 2220.97 3125.47 4182.54 6116.36 6899.43 8341.6 9825.28 10331.4 10556 10455.1 
bilateral histogram 2: 
66.2043 637.784 773.236 541.462 1076.62 2297.56 1926.99 1840.88 2293.06 3219.93 3639.49 2818.19 3126.48 3165.74 4349.24 3780.27 4008.29 5664.47 5888.24 6148.13 
bilateral histogram 3: 
107.943 828.271 554.278 454.012 634.589 905.089 595.801 714.761 975.527 1070.57 1011.99 1429.69 2090.5 3078.2 3898.96 5450.2 6589.51 6342.35 7178.72 7528.99 
bilateral histogram 4: 
134.413 837.866 693.981 518.701 536.012 720.751 569.479 666.448 1164.03 995.56 1084.19 1404.64 2164.81 3151.51 4620.74 6685.87 8207.67 7436.78 7170.55 6982.23 
