ISO-Curve Signature 0: 
0 40.3747 82.5919 128.827 181.801 234.178 255.29 248.084 248.799 254.822 233.677 219.548 168.744 143.543 110.322 89.0831 99.5901 113.696 71.937 59.8691 
ISO-Curve Signature 1: 
0 30.905 35.3223 27.7167 36.737 37.2801 39.5311 47.6413 51.6092 85.765 147.011 159.486 137.644 151.636 141.701 151.93 171.622 96.3881 44.1405 47.7817 
ISO-Curve Signature 2: 
0 30.8171 35.0199 26.7305 36.4428 37.9651 42.0922 49.1311 55.7977 81.824 155.607 148.526 115.693 142.955 133.711 147.127 173.141 62.1354 39.2417 51.6989 
ISO-Curve Signature 3: 
0 37.2828 16.1878 23.8231 44.3409 31.2019 43.3979 118.391 230.245 140.815 141.933 135.625 143.33 113.767 87.7175 71.7925 72.9989 55.4514 56.1606 74.3489 
ISO-Curve Signature 4: 
0 36.2903 16.2659 24.142 42.2286 32.1201 50.3869 127.27 216.822 125.083 136.613 129.666 153.105 101.092 83.112 77.2642 74.0174 52.6045 52.6923 56.2909 
bilateral histogram 0: 
0 4.09583 11.6824 20.6037 27.4768 36.6476 42.3816 54.5609 58.92 64.5924 75.0899 77.4272 89.4377 94.4664 108.894 127.465 133.635 147.04 138.749 143.649 
bilateral histogram 1: 
23.3477 119.028 272.333 209.729 282.819 287.684 280.627 302.311 299.24 361.378 338.522 260.766 308.756 462.928 610.923 610.978 578.284 556.263 670.33 802.184 
bilateral histogram 2: 
21.8317 112.235 282.932 219.3 279.478 282.454 244.811 285.126 279.488 387.681 365.29 272.185 280.753 398.669 607.846 665.575 679.351 575.558 583.79 706.117 
bilateral histogram 3: 
19.1129 61.38 307.992 263.974 263.012 263.581 282.796 359.547 363.003 337.716 398.119 449.309 636.774 1017.69 1555.22 2021.59 2240.51 1379.49 1261.35 1364.22 
bilateral histogram 4: 
21.2448 76.8286 370.905 269.731 356.126 359.902 305.998 411.784 341.239 392.113 483.605 701.898 1013.49 1624.81 2243.66 2214.42 1311.64 1188.44 1386.78 1386.04 
