ISO-Curve Signature 0: 
0 0.270688 0.420186 0.293827 0.388122 0.392646 0.424241 0.522944 0.621239 0.771383 1.20903 1.71912 1.67195 1.41113 1.48046 1.62183 1.95573 1.95713 0.754084 0.551617 
ISO-Curve Signature 1: 
0 0.266284 0.207408 0.286952 0.40366 0.407886 0.751328 1.12212 1.92476 2.53163 1.7675 1.71189 1.55073 1.21575 0.826433 0.748727 0.645146 0.556544 0.767036 0.470912 
ISO-Curve Signature 2: 
0 0.289195 0.384801 0.289044 0.391162 0.390774 0.424685 0.541611 0.635094 0.792925 1.28644 1.81633 1.54844 1.50148 1.72484 1.59093 1.8493 1.27727 0.460565 0.218732 
ISO-Curve Signature 3: 
0 0.250879 0.205207 0.318672 0.565716 0.45408 0.778357 1.62274 1.97341 1.68398 1.45643 1.62432 1.47228 1.36388 0.843548 0.769182 0.669335 0.546756 0.783629 0.4729 
ISO-Curve Signature 4: 
0 0.381446 0.78312 1.18148 1.63371 2.2373 2.92442 3.07161 2.42344 2.13126 2.4837 3.04166 2.33126 2.13682 1.80051 1.00044 1.00427 1.46595 0.896001 0.294373 
bilateral histogram 0: 
0.00637436 0.0362384 0.0455577 0.0393778 0.0380238 0.0458019 0.0465203 0.0497208 0.0592966 0.0683576 0.0771134 0.101661 0.150028 0.197365 0.213173 0.168959 0.169351 0.177785 0.213698 0.218332 
bilateral histogram 1: 
0.00930973 0.0364316 0.0259719 0.0332175 0.0418728 0.0508642 0.0627124 0.103558 0.149742 0.239737 0.309278 0.253317 0.203276 0.228883 0.138969 0.115388 0.103176 0.0936286 0.0773934 0.069819 
bilateral histogram 2: 
2.28412e-05 0.000414853 0.00119829 0.00300766 0.00367541 0.00443836 0.00536971 0.00533555 0.0052087 0.00574832 0.00502451 0.00467725 0.00484535 0.00532485 0.00484456 0.00586527 0.00596679 0.00645334 0.00717253 0.00768907 
bilateral histogram 3: 
0.010351 0.035915 0.028666 0.0448352 0.0713113 0.0604784 0.0911291 0.169945 0.268108 0.254574 0.207776 0.206466 0.224446 0.196513 0.163303 0.112807 0.103085 0.0894789 0.0769706 0.0989243 
bilateral histogram 4: 
0.00131217 0.0129632 0.0246821 0.0325587 0.0403709 0.0597602 0.0910176 0.107373 0.0886277 0.0465645 0.0355502 0.0285946 0.0277002 0.0278252 0.0301927 0.0246411 0.0197048 0.0188047 0.0175723 0.025234 
