ISO-Curve Signature 0: 
0 0.364597 0.300487 0.299928 0.35011 0.57751 1.24005 2.18976 2.10333 1.7161 1.29162 1.13296 1.2723 0.899613 1.7176 3.08913 2.09051 1.70382 0.865903 0.244534 
ISO-Curve Signature 1: 
0 0.0756755 0.609445 0.161424 0.15526 0.150626 0.145894 0.15737 0.16008 0.349842 0.577484 0.476956 0.755486 1.41333 2.50783 4.295 4.49557 3.52874 1.82877 0.581789 
ISO-Curve Signature 2: 
0 0.72567 1.49157 1.91998 1.72113 1.92961 1.14665 1.2766 1.27431 1.14401 1.52623 1.61311 1.47436 1.38702 1.29083 1.20807 1.53228 1.14367 0.559071 0.414821 
ISO-Curve Signature 3: 
0 0.423715 0.890635 0.933331 0.874746 1.00449 1.28746 1.83219 2.78854 3.01647 3.61489 3.65419 3.36436 3.65524 3.38891 3.16449 2.34044 1.93053 1.09124 0.602008 
ISO-Curve Signature 4: 
0 0.578016 0.96138 0.924084 1.35673 2.49 3.4027 3.30819 4.27416 3.70865 2.91528 1.04342 0.469052 0.135825 0.147544 0.155243 0.151609 0.219801 0.469653 0.250666 
bilateral histogram 0: 
0.0034265 0.0337044 0.0461692 0.0501986 0.0463831 0.0580444 0.0618398 0.0468539 0.0781909 0.113633 0.173608 0.227034 0.267325 0.210879 0.226349 0.194946 0.149618 0.178247 0.164076 0.24454 
bilateral histogram 1: 
0.00570069 0.0186999 0.0201366 0.0863513 0.056965 0.134405 0.0835895 0.128139 0.170765 0.0964963 0.160915 0.12693 0.0577821 0.090917 0.100137 0.114024 0.115337 0.159784 0.2295 0.258792 
bilateral histogram 2: 
0 0 0.0101523 0.0131737 0.0513583 0.0266093 0.05635 0.0512965 0.0699673 0.0694863 0.0584357 0.0741887 0.0891926 0.0955163 0.119725 0.113493 0.0996402 0.0888635 0.0889465 0.0690615 
bilateral histogram 3: 
0.000231482 0.0044153 0.0126176 0.0243327 0.0306535 0.0223451 0.0368397 0.0209968 0.0206226 0.0327284 0.0272511 0.0307463 0.0292317 0.0515327 0.0772317 0.109934 0.0650459 0.0694143 0.0842122 0.0812537 
bilateral histogram 4: 
0 0 0.00190449 0.00680247 0.00486366 0.0111924 0.012683 0.0119549 0.0135024 0.0175385 0.0320659 0.0221308 0.0153713 0.0108293 0.0202286 0.0128829 0.0191541 0.0142011 0.0160194 0.00344905 
